18322
30390
68249
86245
19354
85806
77735
85256
29045
84619
90788
44508
03160
71862
91937
15125
52973
07163
10815
84238
24674
86137
65446
36582
08307
67790
84553
63689
84989
76589
76192
67576
67778
92190
56720
52666
69756
85742
06357
21828
49417
28322
99515
07986
11533
37044
04246
60559
10335
61873
70739
48953
51727
60879
57116
31371
07312
36832
52803
28030
04471
21597
93197
76202
10438
35322
46225
46237
39249
22448
97023
50032
50760
89429
44080
23039
26271
58665
21035
07929
42047
72186
68155
02865
36852
24937
96676
45578
71598
66839
16720
51951
50085
88020
25275
62574
54195
25262
82950
20329
