2259
7793
6327
0297
5545
6401
1110
6992
7159
4763
2401
5178
1423
3482
1210
0338
3820
2884
6363
8590
9485
7875
9274
5006
4263
4309
6855
8911
1074
4888
9855
0909
0707
7925
1902
2425
2328
4201
4767
9246
3371
4099
4073
8593
8190
4801
0937
4306
5809
3033
3389
8181
9278
3228
4896
2819
6701
9028
1076
0578
6354
7344
6702
7123
8431
2124
6564
5948
9961
8680
3951
0516
8620
1572
8194
9805
2129
5977
8925
1130
2553
3966
8003
4826
3755
5310
5586
9283
3917
4490
9620
3879
7063
7576
3368
0215
4032
7300
0201
3382
