973691
896907
290523
068645
576090
031868
681803
050903
633350
356239
975708
643706
139050
024676
865430
471688
894227
780881
994635
377000
275103
306617
269130
679711
586002
261877
587909
230765
546059
493557
380681
152972
569790
072145
060437
822059
825522
632129
710878
119600
332905
450473
449851
465099
559704
751792
982244
375503
756220
813625
809500
927550
474968
039203
377978
150734
150397
046571
979761
353878
475799
319394
700897
909608
546932
455885
118685
683022
026525
687662
693339
099645
964795
422262
351654
815884
271551
574010
877712
086450
013213
165307
307657
901059
043853
465445
030478
531650
187153
637736
689459
737338
071999
367245
216877
209025
796040
223854
068571
362643
