3415589
7613203
4520474
4220221
7479809
8281194
6789252
8497295
9670037
2319589
6163496
8928133
3141895
4624855
8666881
0876381
0542555
4098009
3951536
0970221
5312888
7927537
5258292
1672218
9787490
6440125
4019377
9151607
7628069
2627316
7284507
1089324
3764337
4647052
6188628
7728287
7925404
7523982
2898295
9283189
2549231
4793491
2556583
4558582
7569987
1635497
5365516
1807389
0217512
4336482
5208265
2207975
3211520
5843205
6116391
4778741
8448585
2237203
8510336
2302154
1482465
4895676
3441157
0752195
3253919
3705448
1830588
0766587
4503765
4578529
7665694
9343603
5147910
4491925
9846337
3221366
2384076
9270601
7045703
3908998
1252842
4618582
3673172
2820731
6929100
9777053
6264461
9709400
6761228
4616397
2310867
2326882
4066184
7558943
6855053
6842528
1260268
0886423
7963123
1131731
